00100100110100101011011110000010001010101110011011101111
01001001101001010110111100000100010101011100110111011110
00100110100101011011110000010001010101110011011101111001
10011010010101101111000001000101010111001101110111100100
01101001010110111100000100100101011100110111011110010001
10100101011011110000010010010101110011011101111001000101
10010101101111000001001001100111001101110111100100010101
01010110111100000100100110101100110111011110010001010101
10101101111000001001001101001001101110111100100010101011
10110111100000100100110100100110111011110010001010101110
11011110000010010011010010101011101111001000101010111001
01111000001001001101001010111110111100100010101011100110
11100000100100110100101011011011110010001010101110011011
10000010010011010010101101111111001000101010111001101110
00001001001101001010110111101100100010101011100110111011
00010010011010010101101111001001000101010111001101110111
